leaf_density_summary:
  input_file: tile_0_0_full.las
  parameters:
    voxel_size_m:
      vx: 0.0055
      vy: 0.0055
      vz: 0.0055
    projection_function_G: 0.5
    ground_removal_percentile: 15.0
  results:
    LAI_m2_m2: 2.6968826868161924
    LAD_mean_m2_m3: 2.679466156797012
    LAD_max_m2_m3: 6.342766704188572
