leaf_density_summary:
  input_file: tile_1_1_full.las
  parameters:
    voxel_size_m:
      vx: 0.0055
      vy: 0.0055
      vz: 0.0055
    projection_function_G: 0.5
    ground_removal_percentile: 15.0
  results:
    LAI_m2_m2: 3.280540731192256
    LAD_mean_m2_m3: 1.0825080782683572
    LAD_max_m2_m3: 3.3441232283570272
