leaf_density_summary:
  input_file: tile_1_0_full.las
  parameters:
    voxel_size_m:
      vx: 0.0045
      vy: 0.0045
      vz: 0.0045
    projection_function_G: 0.5
    ground_removal_percentile: 15.0
  results:
    LAI_m2_m2: 1.8758489777840321
    LAD_mean_m2_m3: 0.5980707724482806
    LAD_max_m2_m3: 1.310021132817813
